intrinsic:
1004.4078052949143 0.0 625.6035309712397 
0.0 1007.7852877247033 282.25925957655204 
0.0 0.0 1.0 
distortion:
-0.2008943218670776 -0.4988894456269304 -0.005276275414181716 0.0027694041549480046 1.0121544502491644 
