intrinsic:
913.8016888393341 0.0 645.5082277046421 
0.0 920.2891915707874 344.83372028407706 
0.0 0.0 1.0 
distortion:
0.146954128971695 -0.3632638530351408 -0.011994636189620328 -0.005818893584267276 0.7053616647211285 
